qids       CS473HW/outputBM25.txt-map CS473HW/outputBM25.txt-ndcg CS473HW/outputBM25.txt-P3 
1               0.117      0.267      0.000 
2               0.667      0.765      0.667 
3               0.167      0.303      0.333 
4               0.104      0.258      0.333 
5               0.090      0.236      0.333 
6               0.276      0.472      0.000 
7               0.217      0.397      1.000 
8               0.317      0.519      0.000 
9               0.012      0.071      0.000 
10              0.195      0.370      1.000 
11              0.353      0.545      0.667 
12              0.333      0.509      0.667 
13              0.226      0.439      0.667 
14              0.018      0.084      0.000 
15              0.050      0.164      0.000 
16              0.071      0.203      0.333 
17              0.031      0.122      0.000 
18              0.023      0.089      0.000 
19              0.323      0.508      0.667 
20              0.756      0.885      0.667 
21              0.312      0.473      0.667 
22              0.346      0.542      1.000 
23              0.750      0.832      1.000 
24              0.077      0.187      0.333 
25              0.095      0.235      1.000 



run-id            map        ndcg          P3  
CS473HW/outputBM25.txt              0.237         0.379         0.453    

Sig-Test: randomized, threshold set to 0.050000
