qids       CS473HW/outputTFIDF.txt-map CS473HW/outputTFIDF.txt-ndcg CS473HW/outputTFIDF.txt-P3 
1               0.020      0.098      0.000 
2               0.083      0.202      0.000 
3               0.000      0.000      0.000 
4               0.021      0.085      0.000 
5               0.125      0.253      0.333 
6               0.217      0.384      0.000 
7               0.016      0.082      0.000 
8               0.241      0.437      0.333 
9               0.012      0.071      0.000 
10              0.046      0.150      0.333 
11              0.294      0.475      1.000 
12              0.200      0.339      0.333 
13              0.111      0.270      0.333 
14              0.031      0.118      0.000 
15              0.011      0.066      0.000 
16              0.029      0.118      0.000 
17              0.000      0.000      0.000 
18              0.030      0.104      0.333 
19              0.053      0.163      0.000 
20              0.217      0.384      0.000 
21              0.191      0.377      0.333 
22              0.273      0.476      0.667 
23              0.375      0.559      0.333 
24              0.026      0.093      0.333 
25              0.055      0.172      0.667 



run-id            map        ndcg          P3  
CS473HW/outputTFIDF.txt             0.107         0.219         0.213    

Sig-Test: randomized, threshold set to 0.050000
