qids       CS473HW/outputCosine.txt-map CS473HW/outputCosine.txt-ndcg CS473HW/outputCosine.txt-P3 
1               0.000      0.000      0.000 
2               0.000      0.000      0.000 
3               0.000      0.000      0.000 
4               0.000      0.000      0.000 
5               0.000      0.000      0.000 
6               0.000      0.000      0.000 
7               0.000      0.000      0.000 
8               0.000      0.000      0.000 
9               0.000      0.000      0.000 
10              0.000      0.000      0.000 
11              0.000      0.000      0.000 
12              0.000      0.000      0.000 
13              0.000      0.000      0.000 
14              0.000      0.000      0.000 
15              0.000      0.000      0.000 
16              0.000      0.000      0.000 
17              0.000      0.000      0.000 
18              0.000      0.000      0.000 
19              0.000      0.000      0.000 
20              0.000      0.000      0.000 
21              0.000      0.000      0.000 
22              0.000      0.000      0.000 
23              0.000      0.000      0.000 
24              0.000      0.000      0.000 
25              0.000      0.000      0.000 



run-id            map        ndcg          P3  
CS473HW/outputCosine.txt            0.000         0.000         0.000    

Sig-Test: randomized, threshold set to 0.050000
