qids       CS473HW/outputJM.txt-map CS473HW/outputJM.txt-ndcg CS473HW/outputJM.txt-P3 
1               0.124      0.283      0.333 
2               0.000      0.000      0.000 
3               0.000      0.000      0.000 
4               0.000      0.000      0.000 
5               0.056      0.182      0.000 
6               0.067      0.182      0.000 
7               0.179      0.354      0.667 
8               0.337      0.526      0.000 
9               0.000      0.000      0.000 
10              0.154      0.315      1.000 
11              0.290      0.488      0.667 
12              0.333      0.509      0.667 
13              0.221      0.389      0.667 
14              0.004      0.030      0.000 
15              0.053      0.164      0.000 
16              0.029      0.099      0.333 
17              0.053      0.179      0.333 
18              0.015      0.074      0.000 
19              0.398      0.582      0.667 
20              0.756      0.885      0.667 
21              0.297      0.466      0.667 
22              0.282      0.481      0.667 
23              0.604      0.754      0.667 
24              0.026      0.093      0.333 
25              0.081      0.210      0.667 



run-id            map        ndcg          P3  
CS473HW/outputJM.txt                0.174         0.290         0.360    

Sig-Test: randomized, threshold set to 0.050000
