qids       CS473HW/outputLogTFIDF.txt-map CS473HW/outputLogTFIDF.txt-ndcg CS473HW/outputLogTFIDF.txt-P3 
1               0.069      0.211      0.000 
2               0.600      0.807      0.333 
3               0.056      0.151      0.333 
4               0.083      0.196      0.333 
5               0.063      0.160      0.333 
6               0.300      0.478      0.333 
7               0.164      0.342      0.667 
8               0.500      0.671      0.333 
9               0.014      0.074      0.000 
10              0.254      0.418      1.000 
11              0.283      0.468      1.000 
12              0.257      0.452      0.333 
13              0.152      0.311      0.667 
14              0.061      0.175      0.333 
15              0.045      0.158      0.000 
16              0.078      0.214      0.333 
17              0.096      0.237      0.667 
18              0.011      0.065      0.000 
19              0.191      0.388      0.333 
20              0.667      0.765      0.667 
21              0.280      0.474      0.667 
22              0.277      0.456      1.000 
23              0.750      0.832      1.000 
24              0.077      0.187      0.333 
25              0.067      0.185      1.000 



run-id            map        ndcg          P3  
CS473HW/outputLogTFIDF.txt          0.216         0.355         0.480    

Sig-Test: randomized, threshold set to 0.050000
